--------------------
Cycle:1	64	ADD	R1, R0, #4

Registers
R00:	0	4	0	0	0	0	0	0	0	0	0	0	0	0	0	0
R16:	0	0	0	0	0	0	0	0	0	0	0	0	0	0	0	0

Data
164:	0	-1	0	1	2	1	1	0
196:	5	-5	6	1	1	1	1	1
228:	1	1	1	1	1	1	1	0

--------------------
Cycle:2	68	ADD	R2, R0, #1

Registers
R00:	0	4	1	0	0	0	0	0	0	0	0	0	0	0	0	0
R16:	0	0	0	0	0	0	0	0	0	0	0	0	0	0	0	0

Data
164:	0	-1	0	1	2	1	1	0
196:	5	-5	6	1	1	1	1	1
228:	1	1	1	1	1	1	1	0

--------------------
Cycle:3	72	ADD	R4, R2, R1

Registers
R00:	0	4	1	0	5	0	0	0	0	0	0	0	0	0	0	0
R16:	0	0	0	0	0	0	0	0	0	0	0	0	0	0	0	0

Data
164:	0	-1	0	1	2	1	1	0
196:	5	-5	6	1	1	1	1	1
228:	1	1	1	1	1	1	1	0

--------------------
Cycle:4	76	ADD	R5, R4, R2

Registers
R00:	0	4	1	0	5	6	0	0	0	0	0	0	0	0	0	0
R16:	0	0	0	0	0	0	0	0	0	0	0	0	0	0	0	0

Data
164:	0	-1	0	1	2	1	1	0
196:	5	-5	6	1	1	1	1	1
228:	1	1	1	1	1	1	1	0

--------------------
Cycle:5	80	ADD	R6, R2, R5

Registers
R00:	0	4	1	0	5	6	7	0	0	0	0	0	0	0	0	0
R16:	0	0	0	0	0	0	0	0	0	0	0	0	0	0	0	0

Data
164:	0	-1	0	1	2	1	1	0
196:	5	-5	6	1	1	1	1	1
228:	1	1	1	1	1	1	1	0

--------------------
Cycle:6	84	ADD	R7, R2, R6

Registers
R00:	0	4	1	0	5	6	7	8	0	0	0	0	0	0	0	0
R16:	0	0	0	0	0	0	0	0	0	0	0	0	0	0	0	0

Data
164:	0	-1	0	1	2	1	1	0
196:	5	-5	6	1	1	1	1	1
228:	1	1	1	1	1	1	1	0

--------------------
Cycle:7	88	ADD	R1, R1, R5

Registers
R00:	0	10	1	0	5	6	7	8	0	0	0	0	0	0	0	0
R16:	0	0	0	0	0	0	0	0	0	0	0	0	0	0	0	0

Data
164:	0	-1	0	1	2	1	1	0
196:	5	-5	6	1	1	1	1	1
228:	1	1	1	1	1	1	1	0

--------------------
Cycle:8	92	SW	R1, 252(R0)

Registers
R00:	0	10	1	0	5	6	7	8	0	0	0	0	0	0	0	0
R16:	0	0	0	0	0	0	0	0	0	0	0	0	0	0	0	0

Data
164:	0	-1	0	1	2	1	1	0
196:	5	-5	6	1	1	1	1	1
228:	1	1	1	1	1	1	10	0

--------------------
Cycle:9	96	LW	R1, 252(R0)

Registers
R00:	0	10	1	0	5	6	7	8	0	0	0	0	0	0	0	0
R16:	0	0	0	0	0	0	0	0	0	0	0	0	0	0	0	0

Data
164:	0	-1	0	1	2	1	1	0
196:	5	-5	6	1	1	1	1	1
228:	1	1	1	1	1	1	10	0

--------------------
Cycle:10	100	BLTZ	R1, #52

Registers
R00:	0	10	1	0	5	6	7	8	0	0	0	0	0	0	0	0
R16:	0	0	0	0	0	0	0	0	0	0	0	0	0	0	0	0

Data
164:	0	-1	0	1	2	1	1	0
196:	5	-5	6	1	1	1	1	1
228:	1	1	1	1	1	1	10	0

--------------------
Cycle:11	104	SLL	R10, R1, #2

Registers
R00:	0	10	1	0	5	6	7	8	0	0	40	0	0	0	0	0
R16:	0	0	0	0	0	0	0	0	0	0	0	0	0	0	0	0

Data
164:	0	-1	0	1	2	1	1	0
196:	5	-5	6	1	1	1	1	1
228:	1	1	1	1	1	1	10	0

--------------------
Cycle:12	108	LW	R5, 188(R10)

Registers
R00:	0	10	1	0	5	1	7	8	0	0	40	0	0	0	0	0
R16:	0	0	0	0	0	0	0	0	0	0	0	0	0	0	0	0

Data
164:	0	-1	0	1	2	1	1	0
196:	5	-5	6	1	1	1	1	1
228:	1	1	1	1	1	1	10	0

--------------------
Cycle:13	112	LW	R4, 184(R10)

Registers
R00:	0	10	1	0	1	1	7	8	0	0	40	0	0	0	0	0
R16:	0	0	0	0	0	0	0	0	0	0	0	0	0	0	0	0

Data
164:	0	-1	0	1	2	1	1	0
196:	5	-5	6	1	1	1	1	1
228:	1	1	1	1	1	1	10	0

--------------------
Cycle:14	116	LW	R3, 180(R10)

Registers
R00:	0	10	1	1	1	1	7	8	0	0	40	0	0	0	0	0
R16:	0	0	0	0	0	0	0	0	0	0	0	0	0	0	0	0

Data
164:	0	-1	0	1	2	1	1	0
196:	5	-5	6	1	1	1	1	1
228:	1	1	1	1	1	1	10	0

--------------------
Cycle:15	120	SRL	R11, R1, #2

Registers
R00:	0	10	1	1	1	1	7	8	0	0	40	2	0	0	0	0
R16:	0	0	0	0	0	0	0	0	0	0	0	0	0	0	0	0

Data
164:	0	-1	0	1	2	1	1	0
196:	5	-5	6	1	1	1	1	1
228:	1	1	1	1	1	1	10	0

--------------------
Cycle:16	124	BGTZ	R11, #8

Registers
R00:	0	10	1	1	1	1	7	8	0	0	40	2	0	0	0	0
R16:	0	0	0	0	0	0	0	0	0	0	0	0	0	0	0	0

Data
164:	0	-1	0	1	2	1	1	0
196:	5	-5	6	1	1	1	1	1
228:	1	1	1	1	1	1	10	0

--------------------
Cycle:17	136	ADD	R6, R4, R3

Registers
R00:	0	10	1	1	1	1	2	8	0	0	40	2	0	0	0	0
R16:	0	0	0	0	0	0	0	0	0	0	0	0	0	0	0	0

Data
164:	0	-1	0	1	2	1	1	0
196:	5	-5	6	1	1	1	1	1
228:	1	1	1	1	1	1	10	0

--------------------
Cycle:18	140	SW	R6, 176(R10)

Registers
R00:	0	10	1	1	1	1	2	8	0	0	40	2	0	0	0	0
R16:	0	0	0	0	0	0	0	0	0	0	0	0	0	0	0	0

Data
164:	0	-1	0	1	2	1	1	0
196:	5	-5	6	1	1	2	1	1
228:	1	1	1	1	1	1	10	0

--------------------
Cycle:19	144	SUB	R1, R1, R2

Registers
R00:	0	9	1	1	1	1	2	8	0	0	40	2	0	0	0	0
R16:	0	0	0	0	0	0	0	0	0	0	0	0	0	0	0	0

Data
164:	0	-1	0	1	2	1	1	0
196:	5	-5	6	1	1	2	1	1
228:	1	1	1	1	1	1	10	0

--------------------
Cycle:20	148	SW	R1, 252(R0)

Registers
R00:	0	9	1	1	1	1	2	8	0	0	40	2	0	0	0	0
R16:	0	0	0	0	0	0	0	0	0	0	0	0	0	0	0	0

Data
164:	0	-1	0	1	2	1	1	0
196:	5	-5	6	1	1	2	1	1
228:	1	1	1	1	1	1	9	0

--------------------
Cycle:21	152	J	#96

Registers
R00:	0	9	1	1	1	1	2	8	0	0	40	2	0	0	0	0
R16:	0	0	0	0	0	0	0	0	0	0	0	0	0	0	0	0

Data
164:	0	-1	0	1	2	1	1	0
196:	5	-5	6	1	1	2	1	1
228:	1	1	1	1	1	1	9	0

--------------------
Cycle:22	96	LW	R1, 252(R0)

Registers
R00:	0	9	1	1	1	1	2	8	0	0	40	2	0	0	0	0
R16:	0	0	0	0	0	0	0	0	0	0	0	0	0	0	0	0

Data
164:	0	-1	0	1	2	1	1	0
196:	5	-5	6	1	1	2	1	1
228:	1	1	1	1	1	1	9	0

--------------------
Cycle:23	100	BLTZ	R1, #52

Registers
R00:	0	9	1	1	1	1	2	8	0	0	40	2	0	0	0	0
R16:	0	0	0	0	0	0	0	0	0	0	0	0	0	0	0	0

Data
164:	0	-1	0	1	2	1	1	0
196:	5	-5	6	1	1	2	1	1
228:	1	1	1	1	1	1	9	0

--------------------
Cycle:24	104	SLL	R10, R1, #2

Registers
R00:	0	9	1	1	1	1	2	8	0	0	36	2	0	0	0	0
R16:	0	0	0	0	0	0	0	0	0	0	0	0	0	0	0	0

Data
164:	0	-1	0	1	2	1	1	0
196:	5	-5	6	1	1	2	1	1
228:	1	1	1	1	1	1	9	0

--------------------
Cycle:25	108	LW	R5, 188(R10)

Registers
R00:	0	9	1	1	1	1	2	8	0	0	36	2	0	0	0	0
R16:	0	0	0	0	0	0	0	0	0	0	0	0	0	0	0	0

Data
164:	0	-1	0	1	2	1	1	0
196:	5	-5	6	1	1	2	1	1
228:	1	1	1	1	1	1	9	0

--------------------
Cycle:26	112	LW	R4, 184(R10)

Registers
R00:	0	9	1	1	1	1	2	8	0	0	36	2	0	0	0	0
R16:	0	0	0	0	0	0	0	0	0	0	0	0	0	0	0	0

Data
164:	0	-1	0	1	2	1	1	0
196:	5	-5	6	1	1	2	1	1
228:	1	1	1	1	1	1	9	0

--------------------
Cycle:27	116	LW	R3, 180(R10)

Registers
R00:	0	9	1	2	1	1	2	8	0	0	36	2	0	0	0	0
R16:	0	0	0	0	0	0	0	0	0	0	0	0	0	0	0	0

Data
164:	0	-1	0	1	2	1	1	0
196:	5	-5	6	1	1	2	1	1
228:	1	1	1	1	1	1	9	0

--------------------
Cycle:28	120	SRL	R11, R1, #2

Registers
R00:	0	9	1	2	1	1	2	8	0	0	36	2	0	0	0	0
R16:	0	0	0	0	0	0	0	0	0	0	0	0	0	0	0	0

Data
164:	0	-1	0	1	2	1	1	0
196:	5	-5	6	1	1	2	1	1
228:	1	1	1	1	1	1	9	0

--------------------
Cycle:29	124	BGTZ	R11, #8

Registers
R00:	0	9	1	2	1	1	2	8	0	0	36	2	0	0	0	0
R16:	0	0	0	0	0	0	0	0	0	0	0	0	0	0	0	0

Data
164:	0	-1	0	1	2	1	1	0
196:	5	-5	6	1	1	2	1	1
228:	1	1	1	1	1	1	9	0

--------------------
Cycle:30	136	ADD	R6, R4, R3

Registers
R00:	0	9	1	2	1	1	3	8	0	0	36	2	0	0	0	0
R16:	0	0	0	0	0	0	0	0	0	0	0	0	0	0	0	0

Data
164:	0	-1	0	1	2	1	1	0
196:	5	-5	6	1	1	2	1	1
228:	1	1	1	1	1	1	9	0

--------------------
Cycle:31	140	SW	R6, 176(R10)

Registers
R00:	0	9	1	2	1	1	3	8	0	0	36	2	0	0	0	0
R16:	0	0	0	0	0	0	0	0	0	0	0	0	0	0	0	0

Data
164:	0	-1	0	1	2	1	1	0
196:	5	-5	6	1	3	2	1	1
228:	1	1	1	1	1	1	9	0

--------------------
Cycle:32	144	SUB	R1, R1, R2

Registers
R00:	0	8	1	2	1	1	3	8	0	0	36	2	0	0	0	0
R16:	0	0	0	0	0	0	0	0	0	0	0	0	0	0	0	0

Data
164:	0	-1	0	1	2	1	1	0
196:	5	-5	6	1	3	2	1	1
228:	1	1	1	1	1	1	9	0

--------------------
Cycle:33	148	SW	R1, 252(R0)

Registers
R00:	0	8	1	2	1	1	3	8	0	0	36	2	0	0	0	0
R16:	0	0	0	0	0	0	0	0	0	0	0	0	0	0	0	0

Data
164:	0	-1	0	1	2	1	1	0
196:	5	-5	6	1	3	2	1	1
228:	1	1	1	1	1	1	8	0

--------------------
Cycle:34	152	J	#96

Registers
R00:	0	8	1	2	1	1	3	8	0	0	36	2	0	0	0	0
R16:	0	0	0	0	0	0	0	0	0	0	0	0	0	0	0	0

Data
164:	0	-1	0	1	2	1	1	0
196:	5	-5	6	1	3	2	1	1
228:	1	1	1	1	1	1	8	0

--------------------
Cycle:35	96	LW	R1, 252(R0)

Registers
R00:	0	8	1	2	1	1	3	8	0	0	36	2	0	0	0	0
R16:	0	0	0	0	0	0	0	0	0	0	0	0	0	0	0	0

Data
164:	0	-1	0	1	2	1	1	0
196:	5	-5	6	1	3	2	1	1
228:	1	1	1	1	1	1	8	0

--------------------
Cycle:36	100	BLTZ	R1, #52

Registers
R00:	0	8	1	2	1	1	3	8	0	0	36	2	0	0	0	0
R16:	0	0	0	0	0	0	0	0	0	0	0	0	0	0	0	0

Data
164:	0	-1	0	1	2	1	1	0
196:	5	-5	6	1	3	2	1	1
228:	1	1	1	1	1	1	8	0

--------------------
Cycle:37	104	SLL	R10, R1, #2

Registers
R00:	0	8	1	2	1	1	3	8	0	0	32	2	0	0	0	0
R16:	0	0	0	0	0	0	0	0	0	0	0	0	0	0	0	0

Data
164:	0	-1	0	1	2	1	1	0
196:	5	-5	6	1	3	2	1	1
228:	1	1	1	1	1	1	8	0

--------------------
Cycle:38	108	LW	R5, 188(R10)

Registers
R00:	0	8	1	2	1	1	3	8	0	0	32	2	0	0	0	0
R16:	0	0	0	0	0	0	0	0	0	0	0	0	0	0	0	0

Data
164:	0	-1	0	1	2	1	1	0
196:	5	-5	6	1	3	2	1	1
228:	1	1	1	1	1	1	8	0

--------------------
Cycle:39	112	LW	R4, 184(R10)

Registers
R00:	0	8	1	2	2	1	3	8	0	0	32	2	0	0	0	0
R16:	0	0	0	0	0	0	0	0	0	0	0	0	0	0	0	0

Data
164:	0	-1	0	1	2	1	1	0
196:	5	-5	6	1	3	2	1	1
228:	1	1	1	1	1	1	8	0

--------------------
Cycle:40	116	LW	R3, 180(R10)

Registers
R00:	0	8	1	3	2	1	3	8	0	0	32	2	0	0	0	0
R16:	0	0	0	0	0	0	0	0	0	0	0	0	0	0	0	0

Data
164:	0	-1	0	1	2	1	1	0
196:	5	-5	6	1	3	2	1	1
228:	1	1	1	1	1	1	8	0

--------------------
Cycle:41	120	SRL	R11, R1, #2

Registers
R00:	0	8	1	3	2	1	3	8	0	0	32	2	0	0	0	0
R16:	0	0	0	0	0	0	0	0	0	0	0	0	0	0	0	0

Data
164:	0	-1	0	1	2	1	1	0
196:	5	-5	6	1	3	2	1	1
228:	1	1	1	1	1	1	8	0

--------------------
Cycle:42	124	BGTZ	R11, #8

Registers
R00:	0	8	1	3	2	1	3	8	0	0	32	2	0	0	0	0
R16:	0	0	0	0	0	0	0	0	0	0	0	0	0	0	0	0

Data
164:	0	-1	0	1	2	1	1	0
196:	5	-5	6	1	3	2	1	1
228:	1	1	1	1	1	1	8	0

--------------------
Cycle:43	136	ADD	R6, R4, R3

Registers
R00:	0	8	1	3	2	1	5	8	0	0	32	2	0	0	0	0
R16:	0	0	0	0	0	0	0	0	0	0	0	0	0	0	0	0

Data
164:	0	-1	0	1	2	1	1	0
196:	5	-5	6	1	3	2	1	1
228:	1	1	1	1	1	1	8	0

--------------------
Cycle:44	140	SW	R6, 176(R10)

Registers
R00:	0	8	1	3	2	1	5	8	0	0	32	2	0	0	0	0
R16:	0	0	0	0	0	0	0	0	0	0	0	0	0	0	0	0

Data
164:	0	-1	0	1	2	1	1	0
196:	5	-5	6	5	3	2	1	1
228:	1	1	1	1	1	1	8	0

--------------------
Cycle:45	144	SUB	R1, R1, R2

Registers
R00:	0	7	1	3	2	1	5	8	0	0	32	2	0	0	0	0
R16:	0	0	0	0	0	0	0	0	0	0	0	0	0	0	0	0

Data
164:	0	-1	0	1	2	1	1	0
196:	5	-5	6	5	3	2	1	1
228:	1	1	1	1	1	1	8	0

--------------------
Cycle:46	148	SW	R1, 252(R0)

Registers
R00:	0	7	1	3	2	1	5	8	0	0	32	2	0	0	0	0
R16:	0	0	0	0	0	0	0	0	0	0	0	0	0	0	0	0

Data
164:	0	-1	0	1	2	1	1	0
196:	5	-5	6	5	3	2	1	1
228:	1	1	1	1	1	1	7	0

--------------------
Cycle:47	152	J	#96

Registers
R00:	0	7	1	3	2	1	5	8	0	0	32	2	0	0	0	0
R16:	0	0	0	0	0	0	0	0	0	0	0	0	0	0	0	0

Data
164:	0	-1	0	1	2	1	1	0
196:	5	-5	6	5	3	2	1	1
228:	1	1	1	1	1	1	7	0

--------------------
Cycle:48	96	LW	R1, 252(R0)

Registers
R00:	0	7	1	3	2	1	5	8	0	0	32	2	0	0	0	0
R16:	0	0	0	0	0	0	0	0	0	0	0	0	0	0	0	0

Data
164:	0	-1	0	1	2	1	1	0
196:	5	-5	6	5	3	2	1	1
228:	1	1	1	1	1	1	7	0

--------------------
Cycle:49	100	BLTZ	R1, #52

Registers
R00:	0	7	1	3	2	1	5	8	0	0	32	2	0	0	0	0
R16:	0	0	0	0	0	0	0	0	0	0	0	0	0	0	0	0

Data
164:	0	-1	0	1	2	1	1	0
196:	5	-5	6	5	3	2	1	1
228:	1	1	1	1	1	1	7	0

--------------------
Cycle:50	104	SLL	R10, R1, #2

Registers
R00:	0	7	1	3	2	1	5	8	0	0	28	2	0	0	0	0
R16:	0	0	0	0	0	0	0	0	0	0	0	0	0	0	0	0

Data
164:	0	-1	0	1	2	1	1	0
196:	5	-5	6	5	3	2	1	1
228:	1	1	1	1	1	1	7	0

--------------------
Cycle:51	108	LW	R5, 188(R10)

Registers
R00:	0	7	1	3	2	2	5	8	0	0	28	2	0	0	0	0
R16:	0	0	0	0	0	0	0	0	0	0	0	0	0	0	0	0

Data
164:	0	-1	0	1	2	1	1	0
196:	5	-5	6	5	3	2	1	1
228:	1	1	1	1	1	1	7	0

--------------------
Cycle:52	112	LW	R4, 184(R10)

Registers
R00:	0	7	1	3	3	2	5	8	0	0	28	2	0	0	0	0
R16:	0	0	0	0	0	0	0	0	0	0	0	0	0	0	0	0

Data
164:	0	-1	0	1	2	1	1	0
196:	5	-5	6	5	3	2	1	1
228:	1	1	1	1	1	1	7	0

--------------------
Cycle:53	116	LW	R3, 180(R10)

Registers
R00:	0	7	1	5	3	2	5	8	0	0	28	2	0	0	0	0
R16:	0	0	0	0	0	0	0	0	0	0	0	0	0	0	0	0

Data
164:	0	-1	0	1	2	1	1	0
196:	5	-5	6	5	3	2	1	1
228:	1	1	1	1	1	1	7	0

--------------------
Cycle:54	120	SRL	R11, R1, #2

Registers
R00:	0	7	1	5	3	2	5	8	0	0	28	1	0	0	0	0
R16:	0	0	0	0	0	0	0	0	0	0	0	0	0	0	0	0

Data
164:	0	-1	0	1	2	1	1	0
196:	5	-5	6	5	3	2	1	1
228:	1	1	1	1	1	1	7	0

--------------------
Cycle:55	124	BGTZ	R11, #8

Registers
R00:	0	7	1	5	3	2	5	8	0	0	28	1	0	0	0	0
R16:	0	0	0	0	0	0	0	0	0	0	0	0	0	0	0	0

Data
164:	0	-1	0	1	2	1	1	0
196:	5	-5	6	5	3	2	1	1
228:	1	1	1	1	1	1	7	0

--------------------
Cycle:56	136	ADD	R6, R4, R3

Registers
R00:	0	7	1	5	3	2	8	8	0	0	28	1	0	0	0	0
R16:	0	0	0	0	0	0	0	0	0	0	0	0	0	0	0	0

Data
164:	0	-1	0	1	2	1	1	0
196:	5	-5	6	5	3	2	1	1
228:	1	1	1	1	1	1	7	0

--------------------
Cycle:57	140	SW	R6, 176(R10)

Registers
R00:	0	7	1	5	3	2	8	8	0	0	28	1	0	0	0	0
R16:	0	0	0	0	0	0	0	0	0	0	0	0	0	0	0	0

Data
164:	0	-1	0	1	2	1	1	0
196:	5	-5	8	5	3	2	1	1
228:	1	1	1	1	1	1	7	0

--------------------
Cycle:58	144	SUB	R1, R1, R2

Registers
R00:	0	6	1	5	3	2	8	8	0	0	28	1	0	0	0	0
R16:	0	0	0	0	0	0	0	0	0	0	0	0	0	0	0	0

Data
164:	0	-1	0	1	2	1	1	0
196:	5	-5	8	5	3	2	1	1
228:	1	1	1	1	1	1	7	0

--------------------
Cycle:59	148	SW	R1, 252(R0)

Registers
R00:	0	6	1	5	3	2	8	8	0	0	28	1	0	0	0	0
R16:	0	0	0	0	0	0	0	0	0	0	0	0	0	0	0	0

Data
164:	0	-1	0	1	2	1	1	0
196:	5	-5	8	5	3	2	1	1
228:	1	1	1	1	1	1	6	0

--------------------
Cycle:60	152	J	#96

Registers
R00:	0	6	1	5	3	2	8	8	0	0	28	1	0	0	0	0
R16:	0	0	0	0	0	0	0	0	0	0	0	0	0	0	0	0

Data
164:	0	-1	0	1	2	1	1	0
196:	5	-5	8	5	3	2	1	1
228:	1	1	1	1	1	1	6	0

--------------------
Cycle:61	96	LW	R1, 252(R0)

Registers
R00:	0	6	1	5	3	2	8	8	0	0	28	1	0	0	0	0
R16:	0	0	0	0	0	0	0	0	0	0	0	0	0	0	0	0

Data
164:	0	-1	0	1	2	1	1	0
196:	5	-5	8	5	3	2	1	1
228:	1	1	1	1	1	1	6	0

--------------------
Cycle:62	100	BLTZ	R1, #52

Registers
R00:	0	6	1	5	3	2	8	8	0	0	28	1	0	0	0	0
R16:	0	0	0	0	0	0	0	0	0	0	0	0	0	0	0	0

Data
164:	0	-1	0	1	2	1	1	0
196:	5	-5	8	5	3	2	1	1
228:	1	1	1	1	1	1	6	0

--------------------
Cycle:63	104	SLL	R10, R1, #2

Registers
R00:	0	6	1	5	3	2	8	8	0	0	24	1	0	0	0	0
R16:	0	0	0	0	0	0	0	0	0	0	0	0	0	0	0	0

Data
164:	0	-1	0	1	2	1	1	0
196:	5	-5	8	5	3	2	1	1
228:	1	1	1	1	1	1	6	0

--------------------
Cycle:64	108	LW	R5, 188(R10)

Registers
R00:	0	6	1	5	3	3	8	8	0	0	24	1	0	0	0	0
R16:	0	0	0	0	0	0	0	0	0	0	0	0	0	0	0	0

Data
164:	0	-1	0	1	2	1	1	0
196:	5	-5	8	5	3	2	1	1
228:	1	1	1	1	1	1	6	0

--------------------
Cycle:65	112	LW	R4, 184(R10)

Registers
R00:	0	6	1	5	5	3	8	8	0	0	24	1	0	0	0	0
R16:	0	0	0	0	0	0	0	0	0	0	0	0	0	0	0	0

Data
164:	0	-1	0	1	2	1	1	0
196:	5	-5	8	5	3	2	1	1
228:	1	1	1	1	1	1	6	0

--------------------
Cycle:66	116	LW	R3, 180(R10)

Registers
R00:	0	6	1	8	5	3	8	8	0	0	24	1	0	0	0	0
R16:	0	0	0	0	0	0	0	0	0	0	0	0	0	0	0	0

Data
164:	0	-1	0	1	2	1	1	0
196:	5	-5	8	5	3	2	1	1
228:	1	1	1	1	1	1	6	0

--------------------
Cycle:67	120	SRL	R11, R1, #2

Registers
R00:	0	6	1	8	5	3	8	8	0	0	24	1	0	0	0	0
R16:	0	0	0	0	0	0	0	0	0	0	0	0	0	0	0	0

Data
164:	0	-1	0	1	2	1	1	0
196:	5	-5	8	5	3	2	1	1
228:	1	1	1	1	1	1	6	0

--------------------
Cycle:68	124	BGTZ	R11, #8

Registers
R00:	0	6	1	8	5	3	8	8	0	0	24	1	0	0	0	0
R16:	0	0	0	0	0	0	0	0	0	0	0	0	0	0	0	0

Data
164:	0	-1	0	1	2	1	1	0
196:	5	-5	8	5	3	2	1	1
228:	1	1	1	1	1	1	6	0

--------------------
Cycle:69	136	ADD	R6, R4, R3

Registers
R00:	0	6	1	8	5	3	13	8	0	0	24	1	0	0	0	0
R16:	0	0	0	0	0	0	0	0	0	0	0	0	0	0	0	0

Data
164:	0	-1	0	1	2	1	1	0
196:	5	-5	8	5	3	2	1	1
228:	1	1	1	1	1	1	6	0

--------------------
Cycle:70	140	SW	R6, 176(R10)

Registers
R00:	0	6	1	8	5	3	13	8	0	0	24	1	0	0	0	0
R16:	0	0	0	0	0	0	0	0	0	0	0	0	0	0	0	0

Data
164:	0	-1	0	1	2	1	1	0
196:	5	13	8	5	3	2	1	1
228:	1	1	1	1	1	1	6	0

--------------------
Cycle:71	144	SUB	R1, R1, R2

Registers
R00:	0	5	1	8	5	3	13	8	0	0	24	1	0	0	0	0
R16:	0	0	0	0	0	0	0	0	0	0	0	0	0	0	0	0

Data
164:	0	-1	0	1	2	1	1	0
196:	5	13	8	5	3	2	1	1
228:	1	1	1	1	1	1	6	0

--------------------
Cycle:72	148	SW	R1, 252(R0)

Registers
R00:	0	5	1	8	5	3	13	8	0	0	24	1	0	0	0	0
R16:	0	0	0	0	0	0	0	0	0	0	0	0	0	0	0	0

Data
164:	0	-1	0	1	2	1	1	0
196:	5	13	8	5	3	2	1	1
228:	1	1	1	1	1	1	5	0

--------------------
Cycle:73	152	J	#96

Registers
R00:	0	5	1	8	5	3	13	8	0	0	24	1	0	0	0	0
R16:	0	0	0	0	0	0	0	0	0	0	0	0	0	0	0	0

Data
164:	0	-1	0	1	2	1	1	0
196:	5	13	8	5	3	2	1	1
228:	1	1	1	1	1	1	5	0

--------------------
Cycle:74	96	LW	R1, 252(R0)

Registers
R00:	0	5	1	8	5	3	13	8	0	0	24	1	0	0	0	0
R16:	0	0	0	0	0	0	0	0	0	0	0	0	0	0	0	0

Data
164:	0	-1	0	1	2	1	1	0
196:	5	13	8	5	3	2	1	1
228:	1	1	1	1	1	1	5	0

--------------------
Cycle:75	100	BLTZ	R1, #52

Registers
R00:	0	5	1	8	5	3	13	8	0	0	24	1	0	0	0	0
R16:	0	0	0	0	0	0	0	0	0	0	0	0	0	0	0	0

Data
164:	0	-1	0	1	2	1	1	0
196:	5	13	8	5	3	2	1	1
228:	1	1	1	1	1	1	5	0

--------------------
Cycle:76	104	SLL	R10, R1, #2

Registers
R00:	0	5	1	8	5	3	13	8	0	0	20	1	0	0	0	0
R16:	0	0	0	0	0	0	0	0	0	0	0	0	0	0	0	0

Data
164:	0	-1	0	1	2	1	1	0
196:	5	13	8	5	3	2	1	1
228:	1	1	1	1	1	1	5	0

--------------------
Cycle:77	108	LW	R5, 188(R10)

Registers
R00:	0	5	1	8	5	5	13	8	0	0	20	1	0	0	0	0
R16:	0	0	0	0	0	0	0	0	0	0	0	0	0	0	0	0

Data
164:	0	-1	0	1	2	1	1	0
196:	5	13	8	5	3	2	1	1
228:	1	1	1	1	1	1	5	0

--------------------
Cycle:78	112	LW	R4, 184(R10)

Registers
R00:	0	5	1	8	8	5	13	8	0	0	20	1	0	0	0	0
R16:	0	0	0	0	0	0	0	0	0	0	0	0	0	0	0	0

Data
164:	0	-1	0	1	2	1	1	0
196:	5	13	8	5	3	2	1	1
228:	1	1	1	1	1	1	5	0

--------------------
Cycle:79	116	LW	R3, 180(R10)

Registers
R00:	0	5	1	13	8	5	13	8	0	0	20	1	0	0	0	0
R16:	0	0	0	0	0	0	0	0	0	0	0	0	0	0	0	0

Data
164:	0	-1	0	1	2	1	1	0
196:	5	13	8	5	3	2	1	1
228:	1	1	1	1	1	1	5	0

--------------------
Cycle:80	120	SRL	R11, R1, #2

Registers
R00:	0	5	1	13	8	5	13	8	0	0	20	1	0	0	0	0
R16:	0	0	0	0	0	0	0	0	0	0	0	0	0	0	0	0

Data
164:	0	-1	0	1	2	1	1	0
196:	5	13	8	5	3	2	1	1
228:	1	1	1	1	1	1	5	0

--------------------
Cycle:81	124	BGTZ	R11, #8

Registers
R00:	0	5	1	13	8	5	13	8	0	0	20	1	0	0	0	0
R16:	0	0	0	0	0	0	0	0	0	0	0	0	0	0	0	0

Data
164:	0	-1	0	1	2	1	1	0
196:	5	13	8	5	3	2	1	1
228:	1	1	1	1	1	1	5	0

--------------------
Cycle:82	136	ADD	R6, R4, R3

Registers
R00:	0	5	1	13	8	5	21	8	0	0	20	1	0	0	0	0
R16:	0	0	0	0	0	0	0	0	0	0	0	0	0	0	0	0

Data
164:	0	-1	0	1	2	1	1	0
196:	5	13	8	5	3	2	1	1
228:	1	1	1	1	1	1	5	0

--------------------
Cycle:83	140	SW	R6, 176(R10)

Registers
R00:	0	5	1	13	8	5	21	8	0	0	20	1	0	0	0	0
R16:	0	0	0	0	0	0	0	0	0	0	0	0	0	0	0	0

Data
164:	0	-1	0	1	2	1	1	0
196:	21	13	8	5	3	2	1	1
228:	1	1	1	1	1	1	5	0

--------------------
Cycle:84	144	SUB	R1, R1, R2

Registers
R00:	0	4	1	13	8	5	21	8	0	0	20	1	0	0	0	0
R16:	0	0	0	0	0	0	0	0	0	0	0	0	0	0	0	0

Data
164:	0	-1	0	1	2	1	1	0
196:	21	13	8	5	3	2	1	1
228:	1	1	1	1	1	1	5	0

--------------------
Cycle:85	148	SW	R1, 252(R0)

Registers
R00:	0	4	1	13	8	5	21	8	0	0	20	1	0	0	0	0
R16:	0	0	0	0	0	0	0	0	0	0	0	0	0	0	0	0

Data
164:	0	-1	0	1	2	1	1	0
196:	21	13	8	5	3	2	1	1
228:	1	1	1	1	1	1	4	0

--------------------
Cycle:86	152	J	#96

Registers
R00:	0	4	1	13	8	5	21	8	0	0	20	1	0	0	0	0
R16:	0	0	0	0	0	0	0	0	0	0	0	0	0	0	0	0

Data
164:	0	-1	0	1	2	1	1	0
196:	21	13	8	5	3	2	1	1
228:	1	1	1	1	1	1	4	0

--------------------
Cycle:87	96	LW	R1, 252(R0)

Registers
R00:	0	4	1	13	8	5	21	8	0	0	20	1	0	0	0	0
R16:	0	0	0	0	0	0	0	0	0	0	0	0	0	0	0	0

Data
164:	0	-1	0	1	2	1	1	0
196:	21	13	8	5	3	2	1	1
228:	1	1	1	1	1	1	4	0

--------------------
Cycle:88	100	BLTZ	R1, #52

Registers
R00:	0	4	1	13	8	5	21	8	0	0	20	1	0	0	0	0
R16:	0	0	0	0	0	0	0	0	0	0	0	0	0	0	0	0

Data
164:	0	-1	0	1	2	1	1	0
196:	21	13	8	5	3	2	1	1
228:	1	1	1	1	1	1	4	0

--------------------
Cycle:89	104	SLL	R10, R1, #2

Registers
R00:	0	4	1	13	8	5	21	8	0	0	16	1	0	0	0	0
R16:	0	0	0	0	0	0	0	0	0	0	0	0	0	0	0	0

Data
164:	0	-1	0	1	2	1	1	0
196:	21	13	8	5	3	2	1	1
228:	1	1	1	1	1	1	4	0

--------------------
Cycle:90	108	LW	R5, 188(R10)

Registers
R00:	0	4	1	13	8	8	21	8	0	0	16	1	0	0	0	0
R16:	0	0	0	0	0	0	0	0	0	0	0	0	0	0	0	0

Data
164:	0	-1	0	1	2	1	1	0
196:	21	13	8	5	3	2	1	1
228:	1	1	1	1	1	1	4	0

--------------------
Cycle:91	112	LW	R4, 184(R10)

Registers
R00:	0	4	1	13	13	8	21	8	0	0	16	1	0	0	0	0
R16:	0	0	0	0	0	0	0	0	0	0	0	0	0	0	0	0

Data
164:	0	-1	0	1	2	1	1	0
196:	21	13	8	5	3	2	1	1
228:	1	1	1	1	1	1	4	0

--------------------
Cycle:92	116	LW	R3, 180(R10)

Registers
R00:	0	4	1	21	13	8	21	8	0	0	16	1	0	0	0	0
R16:	0	0	0	0	0	0	0	0	0	0	0	0	0	0	0	0

Data
164:	0	-1	0	1	2	1	1	0
196:	21	13	8	5	3	2	1	1
228:	1	1	1	1	1	1	4	0

--------------------
Cycle:93	120	SRL	R11, R1, #2

Registers
R00:	0	4	1	21	13	8	21	8	0	0	16	1	0	0	0	0
R16:	0	0	0	0	0	0	0	0	0	0	0	0	0	0	0	0

Data
164:	0	-1	0	1	2	1	1	0
196:	21	13	8	5	3	2	1	1
228:	1	1	1	1	1	1	4	0

--------------------
Cycle:94	124	BGTZ	R11, #8

Registers
R00:	0	4	1	21	13	8	21	8	0	0	16	1	0	0	0	0
R16:	0	0	0	0	0	0	0	0	0	0	0	0	0	0	0	0

Data
164:	0	-1	0	1	2	1	1	0
196:	21	13	8	5	3	2	1	1
228:	1	1	1	1	1	1	4	0

--------------------
Cycle:95	136	ADD	R6, R4, R3

Registers
R00:	0	4	1	21	13	8	34	8	0	0	16	1	0	0	0	0
R16:	0	0	0	0	0	0	0	0	0	0	0	0	0	0	0	0

Data
164:	0	-1	0	1	2	1	1	0
196:	21	13	8	5	3	2	1	1
228:	1	1	1	1	1	1	4	0

--------------------
Cycle:96	140	SW	R6, 176(R10)

Registers
R00:	0	4	1	21	13	8	34	8	0	0	16	1	0	0	0	0
R16:	0	0	0	0	0	0	0	0	0	0	0	0	0	0	0	0

Data
164:	0	-1	0	1	2	1	1	34
196:	21	13	8	5	3	2	1	1
228:	1	1	1	1	1	1	4	0

--------------------
Cycle:97	144	SUB	R1, R1, R2

Registers
R00:	0	3	1	21	13	8	34	8	0	0	16	1	0	0	0	0
R16:	0	0	0	0	0	0	0	0	0	0	0	0	0	0	0	0

Data
164:	0	-1	0	1	2	1	1	34
196:	21	13	8	5	3	2	1	1
228:	1	1	1	1	1	1	4	0

--------------------
Cycle:98	148	SW	R1, 252(R0)

Registers
R00:	0	3	1	21	13	8	34	8	0	0	16	1	0	0	0	0
R16:	0	0	0	0	0	0	0	0	0	0	0	0	0	0	0	0

Data
164:	0	-1	0	1	2	1	1	34
196:	21	13	8	5	3	2	1	1
228:	1	1	1	1	1	1	3	0

--------------------
Cycle:99	152	J	#96

Registers
R00:	0	3	1	21	13	8	34	8	0	0	16	1	0	0	0	0
R16:	0	0	0	0	0	0	0	0	0	0	0	0	0	0	0	0

Data
164:	0	-1	0	1	2	1	1	34
196:	21	13	8	5	3	2	1	1
228:	1	1	1	1	1	1	3	0

--------------------
Cycle:100	96	LW	R1, 252(R0)

Registers
R00:	0	3	1	21	13	8	34	8	0	0	16	1	0	0	0	0
R16:	0	0	0	0	0	0	0	0	0	0	0	0	0	0	0	0

Data
164:	0	-1	0	1	2	1	1	34
196:	21	13	8	5	3	2	1	1
228:	1	1	1	1	1	1	3	0

--------------------
Cycle:101	100	BLTZ	R1, #52

Registers
R00:	0	3	1	21	13	8	34	8	0	0	16	1	0	0	0	0
R16:	0	0	0	0	0	0	0	0	0	0	0	0	0	0	0	0

Data
164:	0	-1	0	1	2	1	1	34
196:	21	13	8	5	3	2	1	1
228:	1	1	1	1	1	1	3	0

--------------------
Cycle:102	104	SLL	R10, R1, #2

Registers
R00:	0	3	1	21	13	8	34	8	0	0	12	1	0	0	0	0
R16:	0	0	0	0	0	0	0	0	0	0	0	0	0	0	0	0

Data
164:	0	-1	0	1	2	1	1	34
196:	21	13	8	5	3	2	1	1
228:	1	1	1	1	1	1	3	0

--------------------
Cycle:103	108	LW	R5, 188(R10)

Registers
R00:	0	3	1	21	13	13	34	8	0	0	12	1	0	0	0	0
R16:	0	0	0	0	0	0	0	0	0	0	0	0	0	0	0	0

Data
164:	0	-1	0	1	2	1	1	34
196:	21	13	8	5	3	2	1	1
228:	1	1	1	1	1	1	3	0

--------------------
Cycle:104	112	LW	R4, 184(R10)

Registers
R00:	0	3	1	21	21	13	34	8	0	0	12	1	0	0	0	0
R16:	0	0	0	0	0	0	0	0	0	0	0	0	0	0	0	0

Data
164:	0	-1	0	1	2	1	1	34
196:	21	13	8	5	3	2	1	1
228:	1	1	1	1	1	1	3	0

--------------------
Cycle:105	116	LW	R3, 180(R10)

Registers
R00:	0	3	1	34	21	13	34	8	0	0	12	1	0	0	0	0
R16:	0	0	0	0	0	0	0	0	0	0	0	0	0	0	0	0

Data
164:	0	-1	0	1	2	1	1	34
196:	21	13	8	5	3	2	1	1
228:	1	1	1	1	1	1	3	0

--------------------
Cycle:106	120	SRL	R11, R1, #2

Registers
R00:	0	3	1	34	21	13	34	8	0	0	12	0	0	0	0	0
R16:	0	0	0	0	0	0	0	0	0	0	0	0	0	0	0	0

Data
164:	0	-1	0	1	2	1	1	34
196:	21	13	8	5	3	2	1	1
228:	1	1	1	1	1	1	3	0

--------------------
Cycle:107	124	BGTZ	R11, #8

Registers
R00:	0	3	1	34	21	13	34	8	0	0	12	0	0	0	0	0
R16:	0	0	0	0	0	0	0	0	0	0	0	0	0	0	0	0

Data
164:	0	-1	0	1	2	1	1	34
196:	21	13	8	5	3	2	1	1
228:	1	1	1	1	1	1	3	0

--------------------
Cycle:108	128	ADD	R6, R5, R3

Registers
R00:	0	3	1	34	21	13	47	8	0	0	12	0	0	0	0	0
R16:	0	0	0	0	0	0	0	0	0	0	0	0	0	0	0	0

Data
164:	0	-1	0	1	2	1	1	34
196:	21	13	8	5	3	2	1	1
228:	1	1	1	1	1	1	3	0

--------------------
Cycle:109	132	J	#140

Registers
R00:	0	3	1	34	21	13	47	8	0	0	12	0	0	0	0	0
R16:	0	0	0	0	0	0	0	0	0	0	0	0	0	0	0	0

Data
164:	0	-1	0	1	2	1	1	34
196:	21	13	8	5	3	2	1	1
228:	1	1	1	1	1	1	3	0

--------------------
Cycle:110	140	SW	R6, 176(R10)

Registers
R00:	0	3	1	34	21	13	47	8	0	0	12	0	0	0	0	0
R16:	0	0	0	0	0	0	0	0	0	0	0	0	0	0	0	0

Data
164:	0	-1	0	1	2	1	47	34
196:	21	13	8	5	3	2	1	1
228:	1	1	1	1	1	1	3	0

--------------------
Cycle:111	144	SUB	R1, R1, R2

Registers
R00:	0	2	1	34	21	13	47	8	0	0	12	0	0	0	0	0
R16:	0	0	0	0	0	0	0	0	0	0	0	0	0	0	0	0

Data
164:	0	-1	0	1	2	1	47	34
196:	21	13	8	5	3	2	1	1
228:	1	1	1	1	1	1	3	0

--------------------
Cycle:112	148	SW	R1, 252(R0)

Registers
R00:	0	2	1	34	21	13	47	8	0	0	12	0	0	0	0	0
R16:	0	0	0	0	0	0	0	0	0	0	0	0	0	0	0	0

Data
164:	0	-1	0	1	2	1	47	34
196:	21	13	8	5	3	2	1	1
228:	1	1	1	1	1	1	2	0

--------------------
Cycle:113	152	J	#96

Registers
R00:	0	2	1	34	21	13	47	8	0	0	12	0	0	0	0	0
R16:	0	0	0	0	0	0	0	0	0	0	0	0	0	0	0	0

Data
164:	0	-1	0	1	2	1	47	34
196:	21	13	8	5	3	2	1	1
228:	1	1	1	1	1	1	2	0

--------------------
Cycle:114	96	LW	R1, 252(R0)

Registers
R00:	0	2	1	34	21	13	47	8	0	0	12	0	0	0	0	0
R16:	0	0	0	0	0	0	0	0	0	0	0	0	0	0	0	0

Data
164:	0	-1	0	1	2	1	47	34
196:	21	13	8	5	3	2	1	1
228:	1	1	1	1	1	1	2	0

--------------------
Cycle:115	100	BLTZ	R1, #52

Registers
R00:	0	2	1	34	21	13	47	8	0	0	12	0	0	0	0	0
R16:	0	0	0	0	0	0	0	0	0	0	0	0	0	0	0	0

Data
164:	0	-1	0	1	2	1	47	34
196:	21	13	8	5	3	2	1	1
228:	1	1	1	1	1	1	2	0

--------------------
Cycle:116	104	SLL	R10, R1, #2

Registers
R00:	0	2	1	34	21	13	47	8	0	0	8	0	0	0	0	0
R16:	0	0	0	0	0	0	0	0	0	0	0	0	0	0	0	0

Data
164:	0	-1	0	1	2	1	47	34
196:	21	13	8	5	3	2	1	1
228:	1	1	1	1	1	1	2	0

--------------------
Cycle:117	108	LW	R5, 188(R10)

Registers
R00:	0	2	1	34	21	21	47	8	0	0	8	0	0	0	0	0
R16:	0	0	0	0	0	0	0	0	0	0	0	0	0	0	0	0

Data
164:	0	-1	0	1	2	1	47	34
196:	21	13	8	5	3	2	1	1
228:	1	1	1	1	1	1	2	0

--------------------
Cycle:118	112	LW	R4, 184(R10)

Registers
R00:	0	2	1	34	34	21	47	8	0	0	8	0	0	0	0	0
R16:	0	0	0	0	0	0	0	0	0	0	0	0	0	0	0	0

Data
164:	0	-1	0	1	2	1	47	34
196:	21	13	8	5	3	2	1	1
228:	1	1	1	1	1	1	2	0

--------------------
Cycle:119	116	LW	R3, 180(R10)

Registers
R00:	0	2	1	47	34	21	47	8	0	0	8	0	0	0	0	0
R16:	0	0	0	0	0	0	0	0	0	0	0	0	0	0	0	0

Data
164:	0	-1	0	1	2	1	47	34
196:	21	13	8	5	3	2	1	1
228:	1	1	1	1	1	1	2	0

--------------------
Cycle:120	120	SRL	R11, R1, #2

Registers
R00:	0	2	1	47	34	21	47	8	0	0	8	0	0	0	0	0
R16:	0	0	0	0	0	0	0	0	0	0	0	0	0	0	0	0

Data
164:	0	-1	0	1	2	1	47	34
196:	21	13	8	5	3	2	1	1
228:	1	1	1	1	1	1	2	0

--------------------
Cycle:121	124	BGTZ	R11, #8

Registers
R00:	0	2	1	47	34	21	47	8	0	0	8	0	0	0	0	0
R16:	0	0	0	0	0	0	0	0	0	0	0	0	0	0	0	0

Data
164:	0	-1	0	1	2	1	47	34
196:	21	13	8	5	3	2	1	1
228:	1	1	1	1	1	1	2	0

--------------------
Cycle:122	128	ADD	R6, R5, R3

Registers
R00:	0	2	1	47	34	21	68	8	0	0	8	0	0	0	0	0
R16:	0	0	0	0	0	0	0	0	0	0	0	0	0	0	0	0

Data
164:	0	-1	0	1	2	1	47	34
196:	21	13	8	5	3	2	1	1
228:	1	1	1	1	1	1	2	0

--------------------
Cycle:123	132	J	#140

Registers
R00:	0	2	1	47	34	21	68	8	0	0	8	0	0	0	0	0
R16:	0	0	0	0	0	0	0	0	0	0	0	0	0	0	0	0

Data
164:	0	-1	0	1	2	1	47	34
196:	21	13	8	5	3	2	1	1
228:	1	1	1	1	1	1	2	0

--------------------
Cycle:124	140	SW	R6, 176(R10)

Registers
R00:	0	2	1	47	34	21	68	8	0	0	8	0	0	0	0	0
R16:	0	0	0	0	0	0	0	0	0	0	0	0	0	0	0	0

Data
164:	0	-1	0	1	2	68	47	34
196:	21	13	8	5	3	2	1	1
228:	1	1	1	1	1	1	2	0

--------------------
Cycle:125	144	SUB	R1, R1, R2

Registers
R00:	0	1	1	47	34	21	68	8	0	0	8	0	0	0	0	0
R16:	0	0	0	0	0	0	0	0	0	0	0	0	0	0	0	0

Data
164:	0	-1	0	1	2	68	47	34
196:	21	13	8	5	3	2	1	1
228:	1	1	1	1	1	1	2	0

--------------------
Cycle:126	148	SW	R1, 252(R0)

Registers
R00:	0	1	1	47	34	21	68	8	0	0	8	0	0	0	0	0
R16:	0	0	0	0	0	0	0	0	0	0	0	0	0	0	0	0

Data
164:	0	-1	0	1	2	68	47	34
196:	21	13	8	5	3	2	1	1
228:	1	1	1	1	1	1	1	0

--------------------
Cycle:127	152	J	#96

Registers
R00:	0	1	1	47	34	21	68	8	0	0	8	0	0	0	0	0
R16:	0	0	0	0	0	0	0	0	0	0	0	0	0	0	0	0

Data
164:	0	-1	0	1	2	68	47	34
196:	21	13	8	5	3	2	1	1
228:	1	1	1	1	1	1	1	0

--------------------
Cycle:128	96	LW	R1, 252(R0)

Registers
R00:	0	1	1	47	34	21	68	8	0	0	8	0	0	0	0	0
R16:	0	0	0	0	0	0	0	0	0	0	0	0	0	0	0	0

Data
164:	0	-1	0	1	2	68	47	34
196:	21	13	8	5	3	2	1	1
228:	1	1	1	1	1	1	1	0

--------------------
Cycle:129	100	BLTZ	R1, #52

Registers
R00:	0	1	1	47	34	21	68	8	0	0	8	0	0	0	0	0
R16:	0	0	0	0	0	0	0	0	0	0	0	0	0	0	0	0

Data
164:	0	-1	0	1	2	68	47	34
196:	21	13	8	5	3	2	1	1
228:	1	1	1	1	1	1	1	0

--------------------
Cycle:130	104	SLL	R10, R1, #2

Registers
R00:	0	1	1	47	34	21	68	8	0	0	4	0	0	0	0	0
R16:	0	0	0	0	0	0	0	0	0	0	0	0	0	0	0	0

Data
164:	0	-1	0	1	2	68	47	34
196:	21	13	8	5	3	2	1	1
228:	1	1	1	1	1	1	1	0

--------------------
Cycle:131	108	LW	R5, 188(R10)

Registers
R00:	0	1	1	47	34	34	68	8	0	0	4	0	0	0	0	0
R16:	0	0	0	0	0	0	0	0	0	0	0	0	0	0	0	0

Data
164:	0	-1	0	1	2	68	47	34
196:	21	13	8	5	3	2	1	1
228:	1	1	1	1	1	1	1	0

--------------------
Cycle:132	112	LW	R4, 184(R10)

Registers
R00:	0	1	1	47	47	34	68	8	0	0	4	0	0	0	0	0
R16:	0	0	0	0	0	0	0	0	0	0	0	0	0	0	0	0

Data
164:	0	-1	0	1	2	68	47	34
196:	21	13	8	5	3	2	1	1
228:	1	1	1	1	1	1	1	0

--------------------
Cycle:133	116	LW	R3, 180(R10)

Registers
R00:	0	1	1	68	47	34	68	8	0	0	4	0	0	0	0	0
R16:	0	0	0	0	0	0	0	0	0	0	0	0	0	0	0	0

Data
164:	0	-1	0	1	2	68	47	34
196:	21	13	8	5	3	2	1	1
228:	1	1	1	1	1	1	1	0

--------------------
Cycle:134	120	SRL	R11, R1, #2

Registers
R00:	0	1	1	68	47	34	68	8	0	0	4	0	0	0	0	0
R16:	0	0	0	0	0	0	0	0	0	0	0	0	0	0	0	0

Data
164:	0	-1	0	1	2	68	47	34
196:	21	13	8	5	3	2	1	1
228:	1	1	1	1	1	1	1	0

--------------------
Cycle:135	124	BGTZ	R11, #8

Registers
R00:	0	1	1	68	47	34	68	8	0	0	4	0	0	0	0	0
R16:	0	0	0	0	0	0	0	0	0	0	0	0	0	0	0	0

Data
164:	0	-1	0	1	2	68	47	34
196:	21	13	8	5	3	2	1	1
228:	1	1	1	1	1	1	1	0

--------------------
Cycle:136	128	ADD	R6, R5, R3

Registers
R00:	0	1	1	68	47	34	102	8	0	0	4	0	0	0	0	0
R16:	0	0	0	0	0	0	0	0	0	0	0	0	0	0	0	0

Data
164:	0	-1	0	1	2	68	47	34
196:	21	13	8	5	3	2	1	1
228:	1	1	1	1	1	1	1	0

--------------------
Cycle:137	132	J	#140

Registers
R00:	0	1	1	68	47	34	102	8	0	0	4	0	0	0	0	0
R16:	0	0	0	0	0	0	0	0	0	0	0	0	0	0	0	0

Data
164:	0	-1	0	1	2	68	47	34
196:	21	13	8	5	3	2	1	1
228:	1	1	1	1	1	1	1	0

--------------------
Cycle:138	140	SW	R6, 176(R10)

Registers
R00:	0	1	1	68	47	34	102	8	0	0	4	0	0	0	0	0
R16:	0	0	0	0	0	0	0	0	0	0	0	0	0	0	0	0

Data
164:	0	-1	0	1	102	68	47	34
196:	21	13	8	5	3	2	1	1
228:	1	1	1	1	1	1	1	0

--------------------
Cycle:139	144	SUB	R1, R1, R2

Registers
R00:	0	0	1	68	47	34	102	8	0	0	4	0	0	0	0	0
R16:	0	0	0	0	0	0	0	0	0	0	0	0	0	0	0	0

Data
164:	0	-1	0	1	102	68	47	34
196:	21	13	8	5	3	2	1	1
228:	1	1	1	1	1	1	1	0

--------------------
Cycle:140	148	SW	R1, 252(R0)

Registers
R00:	0	0	1	68	47	34	102	8	0	0	4	0	0	0	0	0
R16:	0	0	0	0	0	0	0	0	0	0	0	0	0	0	0	0

Data
164:	0	-1	0	1	102	68	47	34
196:	21	13	8	5	3	2	1	1
228:	1	1	1	1	1	1	0	0

--------------------
Cycle:141	152	J	#96

Registers
R00:	0	0	1	68	47	34	102	8	0	0	4	0	0	0	0	0
R16:	0	0	0	0	0	0	0	0	0	0	0	0	0	0	0	0

Data
164:	0	-1	0	1	102	68	47	34
196:	21	13	8	5	3	2	1	1
228:	1	1	1	1	1	1	0	0

--------------------
Cycle:142	96	LW	R1, 252(R0)

Registers
R00:	0	0	1	68	47	34	102	8	0	0	4	0	0	0	0	0
R16:	0	0	0	0	0	0	0	0	0	0	0	0	0	0	0	0

Data
164:	0	-1	0	1	102	68	47	34
196:	21	13	8	5	3	2	1	1
228:	1	1	1	1	1	1	0	0

--------------------
Cycle:143	100	BLTZ	R1, #52

Registers
R00:	0	0	1	68	47	34	102	8	0	0	4	0	0	0	0	0
R16:	0	0	0	0	0	0	0	0	0	0	0	0	0	0	0	0

Data
164:	0	-1	0	1	102	68	47	34
196:	21	13	8	5	3	2	1	1
228:	1	1	1	1	1	1	0	0

--------------------
Cycle:144	104	SLL	R10, R1, #2

Registers
R00:	0	0	1	68	47	34	102	8	0	0	0	0	0	0	0	0
R16:	0	0	0	0	0	0	0	0	0	0	0	0	0	0	0	0

Data
164:	0	-1	0	1	102	68	47	34
196:	21	13	8	5	3	2	1	1
228:	1	1	1	1	1	1	0	0

--------------------
Cycle:145	108	LW	R5, 188(R10)

Registers
R00:	0	0	1	68	47	47	102	8	0	0	0	0	0	0	0	0
R16:	0	0	0	0	0	0	0	0	0	0	0	0	0	0	0	0

Data
164:	0	-1	0	1	102	68	47	34
196:	21	13	8	5	3	2	1	1
228:	1	1	1	1	1	1	0	0

--------------------
Cycle:146	112	LW	R4, 184(R10)

Registers
R00:	0	0	1	68	68	47	102	8	0	0	0	0	0	0	0	0
R16:	0	0	0	0	0	0	0	0	0	0	0	0	0	0	0	0

Data
164:	0	-1	0	1	102	68	47	34
196:	21	13	8	5	3	2	1	1
228:	1	1	1	1	1	1	0	0

--------------------
Cycle:147	116	LW	R3, 180(R10)

Registers
R00:	0	0	1	102	68	47	102	8	0	0	0	0	0	0	0	0
R16:	0	0	0	0	0	0	0	0	0	0	0	0	0	0	0	0

Data
164:	0	-1	0	1	102	68	47	34
196:	21	13	8	5	3	2	1	1
228:	1	1	1	1	1	1	0	0

--------------------
Cycle:148	120	SRL	R11, R1, #2

Registers
R00:	0	0	1	102	68	47	102	8	0	0	0	0	0	0	0	0
R16:	0	0	0	0	0	0	0	0	0	0	0	0	0	0	0	0

Data
164:	0	-1	0	1	102	68	47	34
196:	21	13	8	5	3	2	1	1
228:	1	1	1	1	1	1	0	0

--------------------
Cycle:149	124	BGTZ	R11, #8

Registers
R00:	0	0	1	102	68	47	102	8	0	0	0	0	0	0	0	0
R16:	0	0	0	0	0	0	0	0	0	0	0	0	0	0	0	0

Data
164:	0	-1	0	1	102	68	47	34
196:	21	13	8	5	3	2	1	1
228:	1	1	1	1	1	1	0	0

--------------------
Cycle:150	128	ADD	R6, R5, R3

Registers
R00:	0	0	1	102	68	47	149	8	0	0	0	0	0	0	0	0
R16:	0	0	0	0	0	0	0	0	0	0	0	0	0	0	0	0

Data
164:	0	-1	0	1	102	68	47	34
196:	21	13	8	5	3	2	1	1
228:	1	1	1	1	1	1	0	0

--------------------
Cycle:151	132	J	#140

Registers
R00:	0	0	1	102	68	47	149	8	0	0	0	0	0	0	0	0
R16:	0	0	0	0	0	0	0	0	0	0	0	0	0	0	0	0

Data
164:	0	-1	0	1	102	68	47	34
196:	21	13	8	5	3	2	1	1
228:	1	1	1	1	1	1	0	0

--------------------
Cycle:152	140	SW	R6, 176(R10)

Registers
R00:	0	0	1	102	68	47	149	8	0	0	0	0	0	0	0	0
R16:	0	0	0	0	0	0	0	0	0	0	0	0	0	0	0	0

Data
164:	0	-1	0	149	102	68	47	34
196:	21	13	8	5	3	2	1	1
228:	1	1	1	1	1	1	0	0

--------------------
Cycle:153	144	SUB	R1, R1, R2

Registers
R00:	0	-1	1	102	68	47	149	8	0	0	0	0	0	0	0	0
R16:	0	0	0	0	0	0	0	0	0	0	0	0	0	0	0	0

Data
164:	0	-1	0	149	102	68	47	34
196:	21	13	8	5	3	2	1	1
228:	1	1	1	1	1	1	0	0

--------------------
Cycle:154	148	SW	R1, 252(R0)

Registers
R00:	0	-1	1	102	68	47	149	8	0	0	0	0	0	0	0	0
R16:	0	0	0	0	0	0	0	0	0	0	0	0	0	0	0	0

Data
164:	0	-1	0	149	102	68	47	34
196:	21	13	8	5	3	2	1	1
228:	1	1	1	1	1	1	-1	0

--------------------
Cycle:155	152	J	#96

Registers
R00:	0	-1	1	102	68	47	149	8	0	0	0	0	0	0	0	0
R16:	0	0	0	0	0	0	0	0	0	0	0	0	0	0	0	0

Data
164:	0	-1	0	149	102	68	47	34
196:	21	13	8	5	3	2	1	1
228:	1	1	1	1	1	1	-1	0

--------------------
Cycle:156	96	LW	R1, 252(R0)

Registers
R00:	0	-1	1	102	68	47	149	8	0	0	0	0	0	0	0	0
R16:	0	0	0	0	0	0	0	0	0	0	0	0	0	0	0	0

Data
164:	0	-1	0	149	102	68	47	34
196:	21	13	8	5	3	2	1	1
228:	1	1	1	1	1	1	-1	0

--------------------
Cycle:157	100	BLTZ	R1, #52

Registers
R00:	0	-1	1	102	68	47	149	8	0	0	0	0	0	0	0	0
R16:	0	0	0	0	0	0	0	0	0	0	0	0	0	0	0	0

Data
164:	0	-1	0	149	102	68	47	34
196:	21	13	8	5	3	2	1	1
228:	1	1	1	1	1	1	-1	0

--------------------
Cycle:158	156	ADD	R1, R0, #4

Registers
R00:	0	4	1	102	68	47	149	8	0	0	0	0	0	0	0	0
R16:	0	0	0	0	0	0	0	0	0	0	0	0	0	0	0	0

Data
164:	0	-1	0	149	102	68	47	34
196:	21	13	8	5	3	2	1	1
228:	1	1	1	1	1	1	-1	0

--------------------
Cycle:159	160	BREAK

Registers
R00:	0	4	1	102	68	47	149	8	0	0	0	0	0	0	0	0
R16:	0	0	0	0	0	0	0	0	0	0	0	0	0	0	0	0

Data
164:	0	-1	0	149	102	68	47	34
196:	21	13	8	5	3	2	1	1
228:	1	1	1	1	1	1	-1	0

